610
0.698717 3.580856 -0.715269
0.715962 -0.53207 -0.644454
0.665574 3.580856 0.715269
0.422957 -0.53207 1.001837
-0.698756 3.580856 -0.715269
-0.716621 -0.53207 -0.644454
-0.665771 3.580856 0.715269
-0.424354 -0.53207 1.001837
0.622015 -2.976868 -0.506186
0.347517 -2.976867 1.002552
-0.622969 -2.976867 -0.506186
-0.349102 -2.976867 1.002552
0.964598 4.351657 -0.964599
0.964599 4.351657 0.964598
-0.964598 4.351657 -0.964599
-0.964599 4.351657 0.964599
1.123573 4.926198 -1.123573
1.123573 4.926198 1.123573
-1.123573 4.926198 -1.123573
-1.123573 4.926198 1.123573
0.637911 6.413765 -0.637911
0.637911 6.413765 0.637911
-0.637911 6.413766 -0.637911
-0.637911 6.413766 0.637911
-1.45887 -0.881482 0.135735
-1.089313 -0.881482 2.346093
1.098404 -0.881482 2.346093
1.467488 -0.881482 0.135735
-1.45887 -3.372169 0.135735
-1.089313 -3.372169 2.346093
1.098404 -3.372169 2.346093
1.467488 -3.372169 0.135735
-3.043519 -1.118699 0.594436
-2.929704 -1.118699 2.383758
-3.043519 -3.134952 0.594436
-2.929704 -3.134952 2.383758
2.981381 -1.118699 2.383758
3.094959 -1.118699 0.594436
2.981381 -3.134952 2.383758
3.094959 -3.134952 0.594436
-0.780517 -0.158089 -0.214225
-0.727578 -0.055417 0.233292
-0.607698 -0.158089 0.65735
0.383558 -0.485493 -0.872015
-6.9e-05 -0.470128 -0.929748
-0.383807 -0.485493 -0.872015
0.657386 2.765611 -0.686778
0.637228 1.726846 -0.669597
0.648467 0.603972 -0.657126
-0.465945 0.603972 0.785421
-0.524465 1.726846 0.706411
-0.592843 2.765611 0.691379
0.592461 2.765611 0.691379
0.523827 1.726846 0.706411
0.464982 0.603972 0.785421
-0.657467 2.765611 -0.686778
-0.637391 1.726846 -0.669597
-0.648786 0.603972 -0.657126
0.361605 3.580856 0.916438
-0.000113 3.580856 0.983494
-0.361825 3.580856 0.916438
0.885403 3.580856 -0.391163
0.937972 3.580856 -0.0
0.862628 3.580856 0.391163
-0.212712 -0.485493 1.004912
-0.000613 -0.470128 1.003375
0.211452 -0.485493 1.004912
-0.86279 3.580856 0.391163
-0.938091 3.580856 0.0
-0.885478 3.580856 -0.391163
-0.384455 3.580856 -0.916438
-5e-06 3.580856 -0.983494
0.384438 3.580856 -0.916438
0.606415 -0.158089 0.65735
0.726453 -0.055417 0.233292
0.779591 -0.158089 -0.214225
-0.888028 4.353366 0.888801
-0.813151 4.29336 0.819338
-0.739291 4.069801 0.760172
0.739207 4.069802 0.760172
0.813126 4.29336 0.819338
0.888025 4.353366 0.888801
0.888542 4.353366 -0.888801
0.817269 4.29336 -0.819338
0.75319 4.069802 -0.760172
-0.753206 4.069801 -0.760172
-0.817274 4.29336 -0.819338
-0.888543 4.353367 -0.888801
-0.560921 -3.215942 -0.164363
-0.486036 -3.295633 0.248183
-0.41115 -3.215942 0.660728
0.337063 -2.921278 -0.596457
-0.000208 -2.902748 -0.626547
-0.337613 -2.921278 -0.596457
-0.189434 -2.921278 0.813617
-0.000642 -2.902749 0.750638
0.188075 -2.921278 0.813616
0.409708 -3.215942 0.660728
0.484766 -3.295633 0.248183
0.559824 -3.215942 -0.164363
0.697879 -1.395258 -0.788735
0.684396 -2.050163 -0.810505
0.661981 -2.582109 -0.721031
-0.662841 -2.582109 -0.721031
-0.685195 -2.050163 -0.810505
-0.698623 -1.395258 -0.788735
-0.332874 -1.395258 1.233721
-0.30384 -2.050163 1.29198
-0.311351 -2.582109 1.215536
0.309678 -2.582109 1.215536
0.302151 -2.050163 1.291979
0.331256 -1.395258 1.233721
1.180071 -0.96146 -0.011511
1.002116 -1.00247 -0.199711
0.87643 -0.91984 -0.410845
-0.504813 -0.91984 1.306309
-0.598363 -1.00247 1.673917
-0.774942 -0.96146 2.041646
0.822348 -3.066428 -0.360751
0.985294 -3.174518 -0.185226
1.177969 -3.282608 -0.0097
-1.177992 -0.96146 -0.011511
-1.002916 -1.00247 -0.199711
-0.877726 -0.91984 -0.410845
0.777299 -0.96146 2.041646
0.597528 -1.00247 1.673917
0.503119 -0.91984 1.306309
0.463952 -3.066428 1.306948
0.585513 -3.174518 1.674322
0.775797 -3.282608 2.041697
-1.175893 -3.282608 -0.0097
-0.986127 -3.174518 -0.185226
-0.823758 -3.066428 -0.360751
-0.465709 -3.066428 1.306948
-0.586365 -3.174518 1.674322
-0.773442 -3.282608 2.041697
0.527515 4.351657 1.235892
0.0 4.351657 1.326323
-0.527515 4.351657 1.235892
1.235892 4.351657 -0.527515
1.326323 4.351657 -0.0
1.235892 4.351657 0.527515
-1.235892 4.351657 0.527515
-1.326323 4.351657 0.0
-1.235892 4.351657 -0.527515
-0.527515 4.351657 -1.235892
-0.0 4.351657 -1.326323
0.527515 4.351657 -1.235892
0.614454 4.926198 1.439578
0.0 4.926198 1.544912
-0.614454 4.926198 1.439578
1.439578 4.926198 -0.614454
1.544913 4.926198 -0.0
1.439578 4.926198 0.614454
-1.439578 4.926199 0.614454
-1.544913 4.926198 -0.0
-1.439578 4.926198 -0.614454
-0.614454 4.926198 -1.439578
-0.0 4.926198 -1.544913
0.614454 4.926198 -1.439578
-1.040761 4.37697 -1.040761
-1.103305 4.46566 -1.103305
-1.136238 4.640984 -1.136238
1.136238 4.640984 -1.136238
1.103305 4.46566 -1.103305
1.040761 4.37697 -1.040761
1.040762 4.376971 1.040762
1.103305 4.46566 1.103305
1.136238 4.640984 1.136238
-1.136239 4.640984 1.136239
-1.103305 4.46566 1.103305
-1.040761 4.37697 1.040761
0.374276 6.503358 0.709675
0.0 6.548361 0.744045
-0.374276 6.503358 0.709675
0.709675 6.503358 -0.374276
0.744045 6.548362 0.0
0.709675 6.503358 0.374276
-0.709675 6.503358 0.374276
-0.744045 6.548362 0.0
-0.709675 6.503357 -0.374276
-0.374276 6.503358 -0.709675
-0.0 6.548361 -0.744045
0.374276 6.503357 -0.709675
-1.053871 5.325422 1.053871
-0.933908 5.766215 0.933908
-0.779099 6.159799 0.779099
-0.779099 6.159799 -0.779099
-0.933908 5.766214 -0.933908
-1.053871 5.325423 -1.053871
1.053871 5.325423 1.053871
0.933908 5.766215 0.933908
0.779099 6.159799 0.779099
0.779099 6.159798 -0.779099
0.933908 5.766215 -0.933908
1.053871 5.325423 -1.053871
-1.375142 -0.531229 0.636519
-1.274091 -0.414478 1.240914
-1.173041 -0.531229 1.845309
1.182025 -0.531229 1.845309
1.282946 -0.414478 1.240914
1.383867 -0.531229 0.636519
-1.375142 -3.722421 0.636519
-1.274091 -3.839173 1.240914
-1.173041 -3.722421 1.845309
1.182025 -3.722422 1.845309
1.282946 -3.839172 1.240914
1.383867 -3.722422 0.636519
1.51939 -1.445778 -0.175096
1.536691 -2.126825 -0.278707
1.51939 -2.807873 -0.175096
-1.510839 -2.807872 -0.175096
-1.528162 -2.126825 -0.278707
-1.510839 -1.445778 -0.175096
-1.037344 -1.445778 2.656924
-1.020021 -2.126825 2.760535
-1.037344 -2.807872 2.656924
1.046502 -2.807872 2.656925
1.029201 -2.126825 2.760535
1.046502 -1.445778 2.656925
-3.124887 -0.971648 0.958295
-3.14581 -0.897782 1.489097
-3.060273 -0.971648 2.019899
-3.124887 -3.282003 0.958295
-3.14581 -3.355869 1.489097
-3.060274 -3.282003 2.019899
-3.150402 -2.724947 0.463936
-3.203508 -2.126825 0.398384
-3.150402 -1.528704 0.463936
-3.034759 -1.528704 2.514258
-3.088112 -2.126825 2.57981
-3.034759 -2.724947 2.514258
-1.565558 -0.831544 2.533891
-2.110598 -0.852573 2.588908
-2.605994 -0.965997 2.515396
-2.605994 -3.287654 2.515396
-2.110598 -3.401078 2.588908
-1.565558 -3.422107 2.533891
-2.767919 -3.287654 0.455043
-2.342533 -3.401078 0.32724
-1.872725 -3.422107 0.234898
-1.872725 -0.831544 0.234898
-2.342532 -0.852573 0.32724
-2.767919 -0.965997 0.455043
3.114604 -0.971648 2.019899
3.201432 -0.897782 1.489097
3.179083 -0.971648 0.958295
3.114604 -3.282003 2.019899
3.201432 -3.355869 1.489097
3.179083 -3.282003 0.958295
3.204545 -1.528704 0.463936
3.25901 -2.126825 0.398384
3.204545 -2.724947 0.463936
3.089143 -2.724947 2.514258
3.143854 -2.126825 2.57981
3.089142 -1.528704 2.514258
1.892101 -0.831544 0.234898
2.374596 -0.852573 0.32724
2.811679 -0.965997 0.455043
2.811679 -3.287654 0.455043
2.374596 -3.401078 0.32724
1.892101 -3.422107 0.234898
1.585449 -3.422107 2.533891
2.143106 -3.401078 2.588908
2.650087 -3.287654 2.515396
2.650087 -0.965997 2.515396
2.143106 -0.852573 2.588908
1.585449 -0.831544 2.533891
0.243371 0.586046 0.926918
0.279151 1.719947 0.883971
0.319442 2.764748 0.88319
-0.00049 0.591972 0.962391
-0.000349 1.721234 0.939269
-0.000217 2.764909 0.946641
-0.244355 0.586046 0.926918
-0.279837 1.719947 0.883971
-0.319864 2.764748 0.88319
-0.641176 0.696545 0.485717
-0.702374 1.749959 0.403191
-0.778341 2.7685 0.380207
-0.748143 0.747489 0.093999
-0.793677 1.764887 0.0273
-0.858917 2.770366 0.003413
-0.764697 0.696545 -0.313149
-0.780044 1.749959 -0.353606
-0.822792 2.7685 -0.374009
-0.382426 -1.352805 -0.901597
-8.8e-05 -1.340879 -0.941287
0.382115 -1.352805 -0.901597
-0.372868 -2.028304 -0.891675
-0.000109 -2.020924 -0.919789
0.372506 -2.028304 -0.891675
-0.359385 -2.548977 -0.798602
-0.000145 -2.537921 -0.824591
0.358953 -2.548976 -0.798602
0.764183 0.696545 -0.313149
0.77976 1.749959 -0.353606
0.822641 2.7685 -0.374009
0.747442 0.747489 0.093999
0.793259 1.764887 0.0273
0.858683 2.770366 0.003412
0.640315 0.696545 0.485717
0.70183 1.749959 0.403191
0.778026 2.7685 0.380207
-0.367483 0.586046 -0.859052
-0.357333 1.719947 -0.862824
-0.364204 2.764748 -0.880547
-4.5e-05 0.591972 -0.921751
-2.3e-05 1.721233 -0.926033
-1e-05 2.76491 -0.944986
0.367328 0.586046 -0.859052
0.357255 1.719947 -0.862824
0.364168 2.764748 -0.880547
0.95127 4.069801 0.415719
1.026032 4.069801 -0.0
0.960878 4.069801 -0.415719
1.04305 4.29336 0.448075
1.120899 4.29336 0.0
1.045897 4.29336 -0.448075
1.137936 4.353367 0.486063
1.22139 4.353367 0.0
1.138292 4.353366 -0.486063
-0.96091 4.069801 -0.415719
-1.026082 4.069801 0.0
-0.951338 4.069801 0.415719
-1.045907 4.29336 -0.448075
-1.120914 4.293359 0.0
-1.04307 4.29336 0.448075
-1.138293 4.353367 -0.486063
-1.221392 4.353367 0.0
-1.137938 4.353366 0.486063
-0.403342 4.069801 0.973971
-4.8e-05 4.069801 1.045237
0.40325 4.069801 0.973971
-0.444408 4.29336 1.049776
-1.4e-05 4.29336 1.12659
0.444381 4.29336 1.049777
-0.485605 4.353367 1.138776
-2e-06 4.353367 1.222102
0.485601 4.353367 1.138776
0.412882 4.069801 -0.973971
-2e-06 4.069801 -1.045237
-0.41289 4.069801 -0.973971
0.447235 4.29336 -1.049777
-1e-06 4.29336 -1.12659
-0.447237 4.29336 -1.049777
0.485958 4.353367 -1.138777
-0.0 4.353367 -1.222102
-0.485958 4.353366 -1.138777
-0.304042 -3.144718 -0.276987
-0.000306 -3.120976 -0.314528
0.303308 -3.144718 -0.276987
-0.263524 -3.219198 0.10858
-0.000425 -3.193719 0.062046
0.262569 -3.219198 0.10858
-0.223006 -3.144718 0.494147
-0.000544 -3.120976 0.43862
0.22183 -3.144718 0.494147
0.180454 -1.352805 1.08176
-0.000691 -1.340879 1.041388
-0.181887 -1.352805 1.08176
0.164335 -2.028304 1.097666
-0.00072 -2.020924 1.036435
-0.165835 -2.028304 1.097666
0.167648 -2.548977 1.014366
-0.000703 -2.53792 0.947751
-0.16912 -2.548976 1.014366
0.873728 -2.635216 -0.596681
0.897389 -2.083187 -0.684724
0.898167 -1.473485 -0.629052
1.041855 -2.69799 -0.447177
1.062981 -2.112486 -0.537512
1.050094 -1.51023 -0.457136
1.234567 -2.75867 -0.298234
1.253717 -2.125033 -0.39479
1.235597 -1.489302 -0.299479
0.827495 -0.580336 -0.014886
0.73963 -0.47053 0.462396
0.620756 -0.580336 0.926994
0.919749 -0.685947 0.225654
0.813306 -0.580346 0.740826
0.697814 -0.685947 1.252274
1.08998 -0.633663 0.453766
0.980371 -0.524386 1.015533
0.86963 -0.633663 1.576834
-0.622369 -0.580336 0.926994
-0.741144 -0.47053 0.462396
-0.82889 -0.580336 -0.014886
-0.698643 -0.685947 1.252275
-0.814128 -0.580346 0.740826
-0.920556 -0.685947 0.225654
-0.867336 -0.633663 1.576834
-0.978153 -0.524386 1.015533
-1.087838 -0.633663 0.453766
-0.415906 -2.635216 1.54154
-0.402951 -2.083187 1.620218
-0.430601 -1.473485 1.542498
-0.530339 -2.69799 1.935809
-0.512932 -2.112486 2.022886
-0.535263 -1.51023 1.93553
-0.716872 -2.75867 2.330173
-0.698173 -2.125033 2.426321
-0.717487 -1.489302 2.330138
0.545151 -3.330691 0.92911
0.64315 -3.418779 0.473098
0.741149 -3.330691 0.017087
0.676088 -3.469182 1.253019
0.785403 -3.567403 0.744548
0.894719 -3.469182 0.236078
0.866914 -3.607672 1.576927
0.976883 -3.716027 1.015998
1.086852 -3.607672 0.455069
-0.899458 -1.473485 -0.629052
-0.89871 -2.083187 -0.684724
-0.875085 -2.635216 -0.596681
-1.050901 -1.51023 -0.457136
-1.063802 -2.112486 -0.537512
-1.042684 -2.69799 -0.447177
-1.233557 -1.489302 -0.299479
-1.251693 -2.125033 -0.39479
-1.23253 -2.75867 -0.298235
0.42883 -1.473485 1.542498
0.401139 -2.083187 1.620218
0.414101 -2.635216 1.54154
0.534419 -1.51023 1.93553
0.512079 -2.112486 2.022886
0.529484 -2.69799 1.935809
0.719882 -1.489302 2.330138
0.700581 -2.125033 2.426322
0.719266 -2.75867 2.330173
-0.742637 -3.330691 0.017087
-0.644734 -3.418779 0.473098
-0.54683 -3.330691 0.92911
-0.895556 -3.469182 0.236078
-0.786246 -3.567403 0.744548
-0.676936 -3.469182 1.253019
-1.084713 -3.607672 0.455069
-0.974668 -3.716026 1.015998
-0.864623 -3.607672 1.576927
0.569166 4.37697 -1.333476
0.0 4.37697 -1.431047
-0.569166 4.37697 -1.333476
0.60337 4.46566 -1.41361
0.0 4.465659 -1.517044
-0.60337 4.46566 -1.413609
0.62138 4.640984 -1.455806
-0.0 4.640984 -1.562328
-0.62138 4.640984 -1.455806
-1.349791 5.326252 -0.576463
-1.448281 5.327081 0.0
-1.349791 5.326252 0.576463
-1.192724 5.772849 -0.511749
-1.277789 5.779484 0.0
-1.192724 5.77285 0.511749
-0.978853 6.184591 -0.432137
-1.042452 6.206283 0.0
-0.978853 6.184591 0.432137
-0.569166 4.37697 1.333476
0.0 4.376971 1.431047
0.569166 4.37697 1.333476
-0.60337 4.46566 1.413609
0.0 4.46566 1.517044
0.60337 4.465661 1.413609
-0.62138 4.640983 1.455806
0.0 4.640984 1.562328
0.62138 4.640983 1.455806
-1.333476 4.37697 -0.569166
-1.431047 4.37697 0.0
-1.333476 4.37697 0.569166
-1.413609 4.465661 -0.60337
-1.517044 4.46566 0.0
-1.413609 4.46566 0.60337
-1.455806 4.640984 -0.62138
-1.562328 4.640983 -0.0
-1.455806 4.640984 0.62138
1.333476 4.37697 0.569166
1.431047 4.37697 0.0
1.333476 4.37697 -0.569166
1.41361 4.46566 0.60337
1.517044 4.465659 0.0
1.413609 4.46566 -0.60337
1.455806 4.640984 0.62138
1.562328 4.640984 -0.0
1.455806 4.640984 -0.62138
0.376077 6.695062 -0.376077
0.0 6.759971 -0.387799
-0.376077 6.695063 -0.376077
0.387798 6.759971 0.0
-0.0 6.830822 -0.0
-0.387798 6.75997 -0.0
0.376077 6.695062 0.376077
-0.0 6.75997 0.387798
-0.376077 6.695062 0.376077
-0.576463 5.326252 1.349791
0.0 5.327082 1.448281
0.576463 5.326251 1.349792
-0.511749 5.772849 1.192724
-0.0 5.779484 1.277789
0.511749 5.772849 1.192724
-0.432137 6.184592 0.978853
0.0 6.206283 1.042452
0.432137 6.184591 0.978853
0.576463 5.326252 -1.349791
0.0 5.327082 -1.448281
-0.576463 5.326251 -1.349792
0.511749 5.772849 -1.192724
0.0 5.779484 -1.277789
-0.511749 5.772849 -1.192724
0.432137 6.184591 -0.978853
-0.0 6.206283 -1.042452
-0.432137 6.184591 -0.978853
1.349791 5.326252 0.576463
1.448281 5.327082 0.0
1.349792 5.326252 -0.576463
1.192724 5.772849 0.511749
1.277789 5.779484 -0.0
1.192724 5.772849 -0.511749
0.978853 6.184592 0.432137
1.042452 6.206283 -0.0
0.978853 6.184591 -0.432137
-1.523528 -2.835155 2.857278
-1.510229 -2.126825 2.965103
-1.523528 -1.418496 2.857278
-2.087299 -2.823464 2.907689
-2.085226 -2.126825 3.014179
-2.087299 -1.430187 2.907689
-2.617581 -2.767396 2.79595
-2.638627 -2.126825 2.890907
-2.617581 -1.486255 2.795951
1.936046 -2.835155 -0.088489
1.951308 -2.126825 -0.196314
1.936046 -1.418496 -0.088489
2.41373 -2.823464 0.008459
2.431681 -2.126825 -0.098032
2.41373 -1.430187 0.008459
2.859452 -2.767396 0.174487
2.890367 -2.126825 0.079531
2.859452 -1.486255 0.174487
-3.29281 -1.489372 2.054804
-3.396098 -1.45513 1.489097
-3.345841 -1.489373 0.92339
-3.371103 -2.126825 2.085192
-3.479902 -2.126825 1.489097
-3.421094 -2.126826 0.893001
-3.292811 -2.764278 2.054804
-3.396099 -2.798521 1.489097
-3.34584 -2.764278 0.92339
-1.804162 -3.786508 0.755788
-1.721103 -3.908008 1.384395
-1.636083 -3.786508 2.013001
-2.298222 -3.760288 0.839843
-2.242261 -3.880284 1.458074
-2.170604 -3.760288 2.076305
-2.761726 -3.603791 0.916745
-2.741938 -3.71079 1.485219
-2.670835 -3.603791 2.053693
-1.636083 -0.467143 2.013001
-1.721104 -0.345643 1.384395
-1.804162 -0.467143 0.755788
-2.170604 -0.493363 2.076305
-2.24226 -0.373367 1.458074
-2.298222 -0.493363 0.839843
-2.670835 -0.64986 2.053693
-2.741938 -0.542861 1.485219
-2.761726 -0.64986 0.916745
-1.916718 -1.418496 -0.088489
-1.931978 -2.126826 -0.196314
-1.916718 -2.835155 -0.088489
-2.381527 -1.430187 0.008459
-2.399295 -2.126826 -0.098032
-2.381526 -2.823464 0.008459
-2.81498 -1.486255 0.174487
-2.845249 -2.126826 0.079531
-2.814981 -2.767396 0.174487
3.405835 -1.489372 0.92339
3.458108 -1.45513 1.489097
3.352916 -1.489373 2.054804
3.483052 -2.126825 0.893001
3.54405 -2.126825 1.489097
3.433164 -2.126826 2.085193
3.405835 -2.764278 0.92339
3.458107 -2.798521 1.489097
3.352916 -2.764278 2.054804
1.543515 -1.418496 2.857279
1.530265 -2.126826 2.965103
1.543515 -2.835155 2.857279
2.120068 -1.430187 2.907689
2.118214 -2.126826 3.014179
2.120068 -2.823464 2.907689
2.662458 -1.486255 2.79595
2.684168 -2.126826 2.890907
2.662458 -2.767396 2.795951
1.823679 -0.467143 0.755788
1.740787 -0.345643 1.384395
1.655882 -0.467143 2.013001
2.330585 -0.493363 0.839843
2.274947 -0.373367 1.458074
2.203213 -0.493363 2.076305
2.806307 -0.64986 0.916745
2.787267 -0.542861 1.485219
2.715603 -0.64986 2.053693
1.655882 -3.786508 2.013001
1.740787 -3.908007 1.384395
1.823679 -3.786508 0.755788
2.203213 -3.760288 2.076305
2.274947 -3.880284 1.458074
2.330585 -3.760288 0.839843
2.715603 -3.603791 2.053693
2.787267 -3.71079 1.485219
2.806307 -3.603791 0.916745
2432
268 269 
269 272 
272 271 
271 268 
269 270 
270 273 
273 272 
272 269 
271 272 
272 275 
275 274 
274 271 
272 273 
273 276 
276 275 
275 272 
3 54 
54 268 
268 66 
66 3 
54 53 
53 269 
269 268 
268 54 
53 52 
52 270 
270 269 
269 53 
52 2 
2 58 
58 270 
270 52 
270 58 
58 59 
59 273 
273 270 
273 59 
59 60 
60 276 
276 273 
276 60 
60 6 
6 51 
51 276 
275 276 
276 51 
51 50 
50 275 
274 275 
275 50 
50 49 
49 274 
64 274 
274 49 
49 7 
7 64 
65 271 
271 274 
274 64 
64 65 
66 268 
268 271 
271 65 
65 66 
277 278 
278 281 
281 280 
280 277 
278 279 
279 282 
282 281 
281 278 
280 281 
281 284 
284 283 
283 280 
281 282 
282 285 
285 284 
284 281 
7 49 
49 277 
277 42 
42 7 
49 50 
50 278 
278 277 
277 49 
50 51 
51 279 
279 278 
278 50 
51 6 
6 67 
67 279 
279 51 
279 67 
67 68 
68 282 
282 279 
282 68 
68 69 
69 285 
285 282 
285 69 
69 4 
4 55 
55 285 
284 285 
285 55 
55 56 
56 284 
283 284 
284 56 
56 57 
57 283 
40 283 
283 57 
57 5 
5 40 
41 280 
280 283 
283 40 
40 41 
42 277 
277 280 
280 41 
41 42 
286 287 
287 290 
290 289 
289 286 
287 288 
288 291 
291 290 
290 287 
289 290 
290 293 
293 292 
292 289 
290 291 
291 294 
294 293 
293 290 
5 45 
45 286 
286 105 
105 5 
45 44 
44 287 
287 286 
286 45 
44 43 
43 288 
288 287 
287 44 
43 1 
1 100 
100 288 
288 43 
288 100 
100 101 
101 291 
291 288 
291 101 
101 102 
102 294 
294 291 
294 102 
102 8 
8 91 
91 294 
293 294 
294 91 
91 92 
92 293 
292 293 
293 92 
92 93 
93 292 
103 292 
292 93 
93 10 
10 103 
104 289 
289 292 
292 103 
103 104 
105 286 
286 289 
289 104 
104 105 
295 296 
296 299 
299 298 
298 295 
296 297 
297 300 
300 299 
299 296 
298 299 
299 302 
302 301 
301 298 
299 300 
300 303 
303 302 
302 299 
1 48 
48 295 
295 75 
75 1 
48 47 
47 296 
296 295 
295 48 
47 46 
46 297 
297 296 
296 47 
46 0 
0 61 
61 297 
297 46 
297 61 
61 62 
62 300 
300 297 
300 62 
62 63 
63 303 
303 300 
303 63 
63 2 
2 52 
52 303 
302 303 
303 52 
52 53 
53 302 
301 302 
302 53 
53 54 
54 301 
73 301 
301 54 
54 3 
3 73 
74 298 
298 301 
301 73 
73 74 
75 295 
295 298 
298 74 
74 75 
304 305 
305 308 
308 307 
307 304 
305 306 
306 309 
309 308 
308 305 
307 308 
308 311 
311 310 
310 307 
308 309 
309 312 
312 311 
311 308 
5 57 
57 304 
304 45 
45 5 
57 56 
56 305 
305 304 
304 57 
56 55 
55 306 
306 305 
305 56 
55 4 
4 70 
70 306 
306 55 
306 70 
70 71 
71 309 
309 306 
309 71 
71 72 
72 312 
312 309 
312 72 
72 0 
0 46 
46 312 
311 312 
312 46 
46 47 
47 311 
310 311 
311 47 
47 48 
48 310 
43 310 
310 48 
48 1 
1 43 
44 307 
307 310 
310 43 
43 44 
45 304 
304 307 
307 44 
44 45 
313 314 
314 317 
317 316 
316 313 
314 315 
315 318 
318 317 
317 314 
316 317 
317 320 
320 319 
319 316 
317 318 
318 321 
321 320 
320 317 
2 63 
63 313 
313 79 
79 2 
63 62 
62 314 
314 313 
313 63 
62 61 
61 315 
315 314 
314 62 
61 0 
0 84 
84 315 
315 61 
315 84 
84 83 
83 318 
318 315 
318 83 
83 82 
82 321 
321 318 
321 82 
82 12 
12 139 
139 321 
320 321 
321 139 
139 140 
140 320 
319 320 
320 140 
140 141 
141 319 
81 319 
319 141 
141 13 
13 81 
80 316 
316 319 
319 81 
81 80 
79 313 
313 316 
316 80 
80 79 
322 323 
323 326 
326 325 
325 322 
323 324 
324 327 
327 326 
326 323 
325 326 
326 329 
329 328 
328 325 
326 327 
327 330 
330 329 
329 326 
4 69 
69 322 
322 85 
85 4 
69 68 
68 323 
323 322 
322 69 
68 67 
67 324 
324 323 
323 68 
67 6 
6 78 
78 324 
324 67 
324 78 
78 77 
77 327 
327 324 
327 77 
77 76 
76 330 
330 327 
330 76 
76 15 
15 142 
142 330 
329 330 
330 142 
142 143 
143 329 
328 329 
329 143 
143 144 
144 328 
87 328 
328 144 
144 14 
14 87 
86 325 
325 328 
328 87 
87 86 
85 322 
322 325 
325 86 
86 85 
331 332 
332 335 
335 334 
334 331 
332 333 
333 336 
336 335 
335 332 
334 335 
335 338 
338 337 
337 334 
335 336 
336 339 
339 338 
338 335 
6 60 
60 331 
331 78 
78 6 
60 59 
59 332 
332 331 
331 60 
59 58 
58 333 
333 332 
332 59 
58 2 
2 79 
79 333 
333 58 
333 79 
79 80 
80 336 
336 333 
336 80 
80 81 
81 339 
339 336 
339 81 
81 13 
13 136 
136 339 
338 339 
339 136 
136 137 
137 338 
337 338 
338 137 
137 138 
138 337 
76 337 
337 138 
138 15 
15 76 
77 334 
334 337 
337 76 
76 77 
78 331 
331 334 
334 77 
77 78 
340 341 
341 344 
344 343 
343 340 
341 342 
342 345 
345 344 
344 341 
343 344 
344 347 
347 346 
346 343 
344 345 
345 348 
348 347 
347 344 
0 72 
72 340 
340 84 
84 0 
72 71 
71 341 
341 340 
340 72 
71 70 
70 342 
342 341 
341 71 
70 4 
4 85 
85 342 
342 70 
342 85 
85 86 
86 345 
345 342 
345 86 
86 87 
87 348 
348 345 
348 87 
87 14 
14 145 
145 348 
347 348 
348 145 
145 146 
146 347 
346 347 
347 146 
146 147 
147 346 
82 346 
346 147 
147 12 
12 82 
83 343 
343 346 
346 82 
82 83 
84 340 
340 343 
343 83 
83 84 
349 350 
350 353 
353 352 
352 349 
350 351 
351 354 
354 353 
353 350 
352 353 
353 356 
356 355 
355 352 
353 354 
354 357 
357 356 
356 353 
10 93 
93 349 
349 88 
88 10 
93 92 
92 350 
350 349 
349 93 
92 91 
91 351 
351 350 
350 92 
91 8 
8 99 
99 351 
351 91 
351 99 
99 98 
98 354 
354 351 
354 98 
98 97 
97 357 
357 354 
357 97 
97 9 
9 96 
96 357 
356 357 
357 96 
96 95 
95 356 
355 356 
356 95 
95 94 
94 355 
90 355 
355 94 
94 11 
11 90 
89 352 
352 355 
355 90 
90 89 
88 349 
349 352 
352 89 
89 88 
358 359 
359 362 
362 361 
361 358 
359 360 
360 363 
363 362 
362 359 
361 362 
362 365 
365 364 
364 361 
362 363 
363 366 
366 365 
365 362 
3 66 
66 358 
358 111 
111 3 
66 65 
65 359 
359 358 
358 66 
65 64 
64 360 
360 359 
359 65 
64 7 
7 106 
106 360 
360 64 
360 106 
106 107 
107 363 
363 360 
363 107 
107 108 
108 366 
366 363 
366 108 
108 11 
11 94 
94 366 
365 366 
366 94 
94 95 
95 365 
364 365 
365 95 
95 96 
96 364 
109 364 
364 96 
96 9 
9 109 
110 361 
361 364 
364 109 
109 110 
111 358 
358 361 
361 110 
110 111 
367 368 
368 371 
371 370 
370 367 
368 369 
369 372 
372 371 
371 368 
370 371 
371 374 
374 373 
373 370 
371 372 
372 375 
375 374 
374 371 
8 102 
102 367 
367 118 
118 8 
102 101 
101 368 
368 367 
367 102 
101 100 
100 369 
369 368 
368 101 
100 1 
1 114 
114 369 
369 100 
369 114 
114 113 
113 372 
372 369 
372 113 
113 112 
112 375 
375 372 
375 112 
112 27 
27 208 
208 375 
374 375 
375 208 
208 209 
209 374 
373 374 
374 209 
209 210 
210 373 
120 373 
373 210 
210 31 
31 120 
119 370 
370 373 
373 120 
120 119 
118 367 
367 370 
370 119 
119 118 
376 377 
377 380 
380 379 
379 376 
377 378 
378 381 
381 380 
380 377 
379 380 
380 383 
383 382 
382 379 
380 381 
381 384 
384 383 
383 380 
1 75 
75 376 
376 114 
114 1 
75 74 
74 377 
377 376 
376 75 
74 73 
73 378 
378 377 
377 74 
73 3 
3 126 
126 378 
378 73 
378 126 
126 125 
125 381 
381 378 
381 125 
125 124 
124 384 
384 381 
384 124 
124 26 
26 199 
199 384 
383 384 
384 199 
199 200 
200 383 
382 383 
383 200 
200 201 
201 382 
112 382 
382 201 
201 27 
27 112 
113 379 
379 382 
382 112 
112 113 
114 376 
376 379 
379 113 
113 114 
385 386 
386 389 
389 388 
388 385 
386 387 
387 390 
390 389 
389 386 
388 389 
389 392 
392 391 
391 388 
389 390 
390 393 
393 392 
392 389 
7 42 
42 385 
385 115 
115 7 
42 41 
41 386 
386 385 
385 42 
41 40 
40 387 
387 386 
386 41 
40 5 
5 123 
123 387 
387 40 
387 123 
123 122 
122 390 
390 387 
390 122 
122 121 
121 393 
393 390 
393 121 
121 24 
24 196 
196 393 
392 393 
393 196 
196 197 
197 392 
391 392 
392 197 
197 198 
198 391 
117 391 
391 198 
198 25 
25 117 
116 388 
388 391 
391 117 
117 116 
115 385 
385 388 
388 116 
116 115 
394 395 
395 398 
398 397 
397 394 
395 396 
396 399 
399 398 
398 395 
397 398 
398 401 
401 400 
400 397 
398 399 
399 402 
402 401 
401 398 
11 108 
108 394 
394 133 
133 11 
108 107 
107 395 
395 394 
394 108 
107 106 
106 396 
396 395 
395 107 
106 7 
7 115 
115 396 
396 106 
396 115 
115 116 
116 399 
399 396 
399 116 
116 117 
117 402 
402 399 
402 117 
117 25 
25 214 
214 402 
401 402 
402 214 
214 215 
215 401 
400 401 
401 215 
215 216 
216 400 
135 400 
400 216 
216 29 
29 135 
134 397 
397 400 
400 135 
135 134 
133 394 
394 397 
397 134 
134 133 
403 404 
404 407 
407 406 
406 403 
404 405 
405 408 
408 407 
407 404 
406 407 
407 410 
410 409 
409 406 
407 408 
408 411 
411 410 
410 407 
9 97 
97 403 
403 127 
127 9 
97 98 
98 404 
404 403 
403 97 
98 99 
99 405 
405 404 
404 98 
99 8 
8 118 
118 405 
405 99 
405 118 
118 119 
119 408 
408 405 
408 119 
119 120 
120 411 
411 408 
411 120 
120 31 
31 207 
207 411 
410 411 
411 207 
207 206 
206 410 
409 410 
410 206 
206 205 
205 409 
129 409 
409 205 
205 30 
30 129 
128 406 
406 409 
409 129 
129 128 
127 403 
403 406 
406 128 
128 127 
412 413 
413 416 
416 415 
415 412 
413 414 
414 417 
417 416 
416 413 
415 416 
416 419 
419 418 
418 415 
416 417 
417 420 
420 419 
419 416 
5 105 
105 412 
412 123 
123 5 
105 104 
104 413 
413 412 
412 105 
104 103 
103 414 
414 413 
413 104 
103 10 
10 132 
132 414 
414 103 
414 132 
132 131 
131 417 
417 414 
417 131 
131 130 
130 420 
420 417 
420 130 
130 28 
28 211 
211 420 
419 420 
420 211 
211 212 
212 419 
418 419 
419 212 
212 213 
213 418 
121 418 
418 213 
213 24 
24 121 
122 415 
415 418 
418 121 
121 122 
123 412 
412 415 
415 122 
122 123 
421 422 
422 425 
425 424 
424 421 
422 423 
423 426 
426 425 
425 422 
424 425 
425 428 
428 427 
427 424 
425 426 
426 429 
429 428 
428 425 
3 111 
111 421 
421 126 
126 3 
111 110 
110 422 
422 421 
421 111 
110 109 
109 423 
423 422 
422 110 
109 9 
9 127 
127 423 
423 109 
423 127 
127 128 
128 426 
426 423 
426 128 
128 129 
129 429 
429 426 
429 129 
129 30 
30 217 
217 429 
428 429 
429 217 
217 218 
218 428 
427 428 
428 218 
218 219 
219 427 
124 427 
427 219 
219 26 
26 124 
125 424 
424 427 
427 124 
124 125 
126 421 
421 424 
424 125 
125 126 
430 431 
431 434 
434 433 
433 430 
431 432 
432 435 
435 434 
434 431 
433 434 
434 437 
437 436 
436 433 
434 435 
435 438 
438 437 
437 434 
10 88 
88 430 
430 132 
132 10 
88 89 
89 431 
431 430 
430 88 
89 90 
90 432 
432 431 
431 89 
90 11 
11 133 
133 432 
432 90 
432 133 
133 134 
134 435 
435 432 
435 134 
134 135 
135 438 
438 435 
438 135 
135 29 
29 204 
204 438 
437 438 
438 204 
204 203 
203 437 
436 437 
437 203 
203 202 
202 436 
130 436 
436 202 
202 28 
28 130 
131 433 
433 436 
436 130 
130 131 
132 430 
430 433 
433 131 
131 132 
439 440 
440 443 
443 442 
442 439 
440 441 
441 444 
444 443 
443 440 
442 443 
443 446 
446 445 
445 442 
443 444 
444 447 
447 446 
446 443 
12 147 
147 439 
439 165 
165 12 
147 146 
146 440 
440 439 
439 147 
146 145 
145 441 
441 440 
440 146 
145 14 
14 160 
160 441 
441 145 
441 160 
160 161 
161 444 
444 441 
444 161 
161 162 
162 447 
447 444 
447 162 
162 18 
18 157 
157 447 
446 447 
447 157 
157 158 
158 446 
445 446 
446 158 
158 159 
159 445 
163 445 
445 159 
159 16 
16 163 
164 442 
442 445 
445 163 
163 164 
165 439 
439 442 
442 164 
164 165 
448 449 
449 452 
452 451 
451 448 
449 450 
450 453 
453 452 
452 449 
451 452 
452 455 
455 454 
454 451 
452 453 
453 456 
456 455 
455 452 
18 156 
156 448 
448 189 
189 18 
156 155 
155 449 
449 448 
448 156 
155 154 
154 450 
450 449 
449 155 
154 19 
19 184 
184 450 
450 154 
450 184 
184 185 
185 453 
453 450 
453 185 
185 186 
186 456 
456 453 
456 186 
186 23 
23 178 
178 456 
455 456 
456 178 
178 179 
179 455 
454 455 
455 179 
179 180 
180 454 
187 454 
454 180 
180 22 
22 187 
188 451 
451 454 
454 187 
187 188 
189 448 
448 451 
451 188 
188 189 
457 458 
458 461 
461 460 
460 457 
458 459 
459 462 
462 461 
461 458 
460 461 
461 464 
464 463 
463 460 
461 462 
462 465 
465 464 
464 461 
15 138 
138 457 
457 171 
171 15 
138 137 
137 458 
458 457 
457 138 
137 136 
136 459 
459 458 
458 137 
136 13 
13 166 
166 459 
459 136 
459 166 
166 167 
167 462 
462 459 
462 167 
167 168 
168 465 
465 462 
465 168 
168 17 
17 148 
148 465 
464 465 
465 148 
148 149 
149 464 
463 464 
464 149 
149 150 
150 463 
169 463 
463 150 
150 19 
19 169 
170 460 
460 463 
463 169 
169 170 
171 457 
457 460 
460 170 
170 171 
466 467 
467 470 
470 469 
469 466 
467 468 
468 471 
471 470 
470 467 
469 470 
470 473 
473 472 
472 469 
470 471 
471 474 
474 473 
473 470 
14 144 
144 466 
466 160 
160 14 
144 143 
143 467 
467 466 
466 144 
143 142 
142 468 
468 467 
467 143 
142 15 
15 171 
171 468 
468 142 
468 171 
171 170 
170 471 
471 468 
471 170 
170 169 
169 474 
474 471 
474 169 
169 19 
19 154 
154 474 
473 474 
474 154 
154 155 
155 473 
472 473 
473 155 
155 156 
156 472 
162 472 
472 156 
156 18 
18 162 
161 469 
469 472 
472 162 
162 161 
160 466 
466 469 
469 161 
161 160 
475 476 
476 479 
479 478 
478 475 
476 477 
477 480 
480 479 
479 476 
478 479 
479 482 
482 481 
481 478 
479 480 
480 483 
483 482 
482 479 
13 141 
141 475 
475 166 
166 13 
141 140 
140 476 
476 475 
475 141 
140 139 
139 477 
477 476 
476 140 
139 12 
12 165 
165 477 
477 139 
477 165 
165 164 
164 480 
480 477 
480 164 
164 163 
163 483 
483 480 
483 163 
163 16 
16 151 
151 483 
482 483 
483 151 
151 152 
152 482 
481 482 
482 152 
152 153 
153 481 
168 481 
481 153 
153 17 
17 168 
167 478 
478 481 
481 168 
168 167 
166 475 
475 478 
478 167 
167 166 
484 485 
485 488 
488 487 
487 484 
485 486 
486 489 
489 488 
488 485 
487 488 
488 491 
491 490 
490 487 
488 489 
489 492 
492 491 
491 488 
20 183 
183 484 
484 175 
175 20 
183 182 
182 485 
485 484 
484 183 
182 181 
181 486 
486 485 
485 182 
181 22 
22 180 
180 486 
486 181 
486 180 
180 179 
179 489 
489 486 
489 179 
179 178 
178 492 
492 489 
492 178 
178 23 
23 174 
174 492 
491 492 
492 174 
174 173 
173 491 
490 491 
491 173 
173 172 
172 490 
177 490 
490 172 
172 21 
21 177 
176 487 
487 490 
490 177 
177 176 
175 484 
484 487 
487 176 
176 175 
493 494 
494 497 
497 496 
496 493 
494 495 
495 498 
498 497 
497 494 
496 497 
497 500 
500 499 
499 496 
497 498 
498 501 
501 500 
500 497 
19 150 
150 493 
493 184 
184 19 
150 149 
149 494 
494 493 
493 150 
149 148 
148 495 
495 494 
494 149 
148 17 
17 190 
190 495 
495 148 
495 190 
190 191 
191 498 
498 495 
498 191 
191 192 
192 501 
501 498 
501 192 
192 21 
21 172 
172 501 
500 501 
501 172 
172 173 
173 500 
499 500 
500 173 
173 174 
174 499 
186 499 
499 174 
174 23 
23 186 
185 496 
496 499 
499 186 
186 185 
184 493 
493 496 
496 185 
185 184 
502 503 
503 506 
506 505 
505 502 
503 504 
504 507 
507 506 
506 503 
505 506 
506 509 
509 508 
508 505 
506 507 
507 510 
510 509 
509 506 
16 159 
159 502 
502 195 
195 16 
159 158 
158 503 
503 502 
502 159 
158 157 
157 504 
504 503 
503 158 
157 18 
18 189 
189 504 
504 157 
504 189 
189 188 
188 507 
507 504 
507 188 
188 187 
187 510 
510 507 
510 187 
187 22 
22 181 
181 510 
509 510 
510 181 
181 182 
182 509 
508 509 
509 182 
182 183 
183 508 
193 508 
508 183 
183 20 
20 193 
194 505 
505 508 
508 193 
193 194 
195 502 
502 505 
505 194 
194 195 
511 512 
512 515 
515 514 
514 511 
512 513 
513 516 
516 515 
515 512 
514 515 
515 518 
518 517 
517 514 
515 516 
516 519 
519 518 
518 515 
17 153 
153 511 
511 190 
190 17 
153 152 
152 512 
512 511 
511 153 
152 151 
151 513 
513 512 
512 152 
151 16 
16 195 
195 513 
513 151 
513 195 
195 194 
194 516 
516 513 
516 194 
194 193 
193 519 
519 516 
519 193 
193 20 
20 175 
175 519 
518 519 
519 175 
175 176 
176 518 
517 518 
518 176 
176 177 
177 517 
192 517 
517 177 
177 21 
21 192 
191 514 
514 517 
517 192 
192 191 
190 511 
511 514 
514 191 
191 190 
520 521 
521 524 
524 523 
523 520 
521 522 
522 525 
525 524 
524 521 
523 524 
524 527 
527 526 
526 523 
524 525 
525 528 
528 527 
527 524 
29 216 
216 520 
520 237 
237 29 
216 215 
215 521 
521 520 
520 216 
215 214 
214 522 
522 521 
521 215 
214 25 
25 232 
232 522 
522 214 
522 232 
232 233 
233 525 
525 522 
525 233 
233 234 
234 528 
528 525 
528 234 
234 33 
33 229 
229 528 
527 528 
528 229 
229 230 
230 527 
526 527 
527 230 
230 231 
231 526 
235 526 
526 231 
231 35 
35 235 
236 523 
523 526 
526 235 
235 236 
237 520 
520 523 
523 236 
236 237 
529 530 
530 533 
533 532 
532 529 
530 531 
531 534 
534 533 
533 530 
532 533 
533 536 
536 535 
535 532 
533 534 
534 537 
537 536 
536 533 
31 210 
210 529 
529 261 
261 31 
210 209 
209 530 
530 529 
529 210 
209 208 
208 531 
531 530 
530 209 
208 27 
27 256 
256 531 
531 208 
531 256 
256 257 
257 534 
534 531 
534 257 
257 258 
258 537 
537 534 
537 258 
258 37 
37 250 
250 537 
536 537 
537 250 
250 251 
251 536 
535 536 
536 251 
251 252 
252 535 
259 535 
535 252 
252 39 
39 259 
260 532 
532 535 
535 259 
259 260 
261 529 
529 532 
532 260 
260 261 
538 539 
539 542 
542 541 
541 538 
539 540 
540 543 
543 542 
542 539 
541 542 
542 545 
545 544 
544 541 
542 543 
543 546 
546 545 
545 542 
33 222 
222 538 
538 229 
229 33 
222 221 
221 539 
539 538 
538 222 
221 220 
220 540 
540 539 
539 221 
220 32 
32 228 
228 540 
540 220 
540 228 
228 227 
227 543 
543 540 
543 227 
227 226 
226 546 
546 543 
546 226 
226 34 
34 223 
223 546 
545 546 
546 223 
223 224 
224 545 
544 545 
545 224 
224 225 
225 544 
231 544 
544 225 
225 35 
35 231 
230 541 
541 544 
544 231 
231 230 
229 538 
538 541 
541 230 
230 229 
547 548 
548 551 
551 550 
550 547 
548 549 
549 552 
552 551 
551 548 
550 551 
551 554 
554 553 
553 550 
551 552 
552 555 
555 554 
554 551 
28 202 
202 547 
547 240 
240 28 
202 203 
203 548 
548 547 
547 202 
203 204 
204 549 
549 548 
548 203 
204 29 
29 237 
237 549 
549 204 
549 237 
237 236 
236 552 
552 549 
552 236 
236 235 
235 555 
555 552 
555 235 
235 35 
35 225 
225 555 
554 555 
555 225 
225 224 
224 554 
553 554 
554 224 
224 223 
223 553 
238 553 
553 223 
223 34 
34 238 
239 550 
550 553 
553 238 
238 239 
240 547 
547 550 
550 239 
239 240 
556 557 
557 560 
560 559 
559 556 
557 558 
558 561 
561 560 
560 557 
559 560 
560 563 
563 562 
562 559 
560 561 
561 564 
564 563 
563 560 
25 198 
198 556 
556 232 
232 25 
198 197 
197 557 
557 556 
556 198 
197 196 
196 558 
558 557 
557 197 
196 24 
24 241 
241 558 
558 196 
558 241 
241 242 
242 561 
561 558 
561 242 
242 243 
243 564 
564 561 
564 243 
243 32 
32 220 
220 564 
563 564 
564 220 
220 221 
221 563 
562 563 
563 221 
221 222 
222 562 
234 562 
562 222 
222 33 
33 234 
233 559 
559 562 
562 234 
234 233 
232 556 
556 559 
559 233 
233 232 
565 566 
566 569 
569 568 
568 565 
566 567 
567 570 
570 569 
569 566 
568 569 
569 572 
572 571 
571 568 
569 570 
570 573 
573 572 
572 569 
24 213 
213 565 
565 241 
241 24 
213 212 
212 566 
566 565 
565 213 
212 211 
211 567 
567 566 
566 212 
211 28 
28 240 
240 567 
567 211 
567 240 
240 239 
239 570 
570 567 
570 239 
239 238 
238 573 
573 570 
573 238 
238 34 
34 226 
226 573 
572 573 
573 226 
226 227 
227 572 
571 572 
572 227 
227 228 
228 571 
243 571 
571 228 
228 32 
32 243 
242 568 
568 571 
571 243 
243 242 
241 565 
565 568 
568 242 
242 241 
574 575 
575 578 
578 577 
577 574 
575 576 
576 579 
579 578 
578 575 
577 578 
578 581 
581 580 
580 577 
578 579 
579 582 
582 581 
581 578 
37 246 
246 574 
574 250 
250 37 
246 245 
245 575 
575 574 
574 246 
245 244 
244 576 
576 575 
575 245 
244 36 
36 255 
255 576 
576 244 
576 255 
255 254 
254 579 
579 576 
579 254 
254 253 
253 582 
582 579 
582 253 
253 38 
38 247 
247 582 
581 582 
582 247 
247 248 
248 581 
580 581 
581 248 
248 249 
249 580 
252 580 
580 249 
249 39 
39 252 
251 577 
577 580 
580 252 
252 251 
250 574 
574 577 
577 251 
251 250 
583 584 
584 587 
587 586 
586 583 
584 585 
585 588 
588 587 
587 584 
586 587 
587 590 
590 589 
589 586 
587 588 
588 591 
591 590 
590 587 
26 219 
219 583 
583 267 
267 26 
219 218 
218 584 
584 583 
583 219 
218 217 
217 585 
585 584 
584 218 
217 30 
30 262 
262 585 
585 217 
585 262 
262 263 
263 588 
588 585 
588 263 
263 264 
264 591 
591 588 
591 264 
264 38 
38 253 
253 591 
590 591 
591 253 
253 254 
254 590 
589 590 
590 254 
254 255 
255 589 
265 589 
589 255 
255 36 
36 265 
266 586 
586 589 
589 265 
265 266 
267 583 
583 586 
586 266 
266 267 
592 593 
593 596 
596 595 
595 592 
593 594 
594 597 
597 596 
596 593 
595 596 
596 599 
599 598 
598 595 
596 597 
597 600 
600 599 
599 596 
27 201 
201 592 
592 256 
256 27 
201 200 
200 593 
593 592 
592 201 
200 199 
199 594 
594 593 
593 200 
199 26 
26 267 
267 594 
594 199 
594 267 
267 266 
266 597 
597 594 
597 266 
266 265 
265 600 
600 597 
600 265 
265 36 
36 244 
244 600 
599 600 
600 244 
244 245 
245 599 
598 599 
599 245 
245 246 
246 598 
258 598 
598 246 
246 37 
37 258 
257 595 
595 598 
598 258 
258 257 
256 592 
592 595 
595 257 
257 256 
601 602 
602 605 
605 604 
604 601 
602 603 
603 606 
606 605 
605 602 
604 605 
605 608 
608 607 
607 604 
605 606 
606 609 
609 608 
608 605 
30 205 
205 601 
601 262 
262 30 
205 206 
206 602 
602 601 
601 205 
206 207 
207 603 
603 602 
602 206 
207 31 
31 261 
261 603 
603 207 
603 261 
261 260 
260 606 
606 603 
606 260 
260 259 
259 609 
609 606 
609 259 
259 39 
39 249 
249 609 
608 609 
609 249 
249 248 
248 608 
607 608 
608 248 
248 247 
247 607 
264 607 
607 247 
247 38 
38 264 
263 604 
604 607 
607 264 
264 263 
262 601 
601 604 
604 263 
263 262 
